0.0289502 0
0.0884004 1
0.14795 2
0.207499 3
0.266949 4
0.32635 5
0.3859 6
0.44535 7
0.504799 8
0.564349 9
0.623951 10
0.6833 11
0.74285 12
0.802499 13
0.861849 14
0.921249 15
0.9808 16
1.0403 17
1.0998 18
1.1594 19
1.2188 20
1.27835 21
1.3378 22
1.3973 23
1.45685 24
1.51625 25
1.5757 26
1.6352 27
1.6947 28
1.75415 29
1.8137 30
1.8732 31
1.9327 32
1.9922 33
2.0517 34
2.11115 35
2.1706 36
2.2302 37
2.28965 38
2.34915 39
2.40865 40
2.46825 41
2.5276 42
2.58715 43
2.6467 44
2.70605 45
2.76555 46
2.82505 47
2.8846 48
2.9441 49
3.00355 50
3.06305 51
3.12255 52
3.18215 53
3.24155 54
3.301 55
3.3604 56
3.42 57
3.4794 58
3.5389 59
3.5984 60
3.6579 61
3.71745 62
3.77695 63
3.83645 64
3.89585 65
3.9553 66
4.0149 67
4.0744 68
4.13385 69
4.1934 70
4.2529 71
4.3124 72
4.3719 73
4.4314 74
4.4908 75
4.5503 76
4.60985 77
4.6693 78
4.7288 79
4.78835 80
4.8478 81
4.90725 82
4.96675 83
5.0263 84
5.0856 85
5.14515 86
5.20465 87
5.26415 88
5.32365 89
5.3832 90
5.4427 91
5.5022 92
5.56165 93
5.62115 94
5.68055 95
5.74005 96
5.79955 97
5.859 98
5.9185 99
5.97805 100
6.0376 101
6.09705 102
6.15655 103
6.21595 104
6.2754 105
6.33495 106
6.39445 107
6.454 108
6.5134 109
6.5729 110
6.63245 111
6.6919 112
6.75145 113
6.8109 114
6.8703 115
6.92985 116
6.98935 117
7.0488 118
7.10835 119
7.1678 120
7.22735 121
7.2868 122
7.34635 123
7.4059 124
7.4653 125
7.52475 126
7.5842 127
7.64375 128
7.70325 129
7.76275 130
7.8222 131
7.88175 132
7.94125 133
8.00075 134
8.06015 135
8.11965 136
8.17915 137
8.23865 138
8.29815 139
8.35765 140
8.4171 141
8.47665 142
8.5361 143
8.5957 144
8.65505 145
8.71455 146
8.7741 147
8.83355 148
8.89305 149
8.9526 150
9.01205 151
9.0715 152
9.13095 153
9.1905 154
9.24985 155
9.30945 156
9.36895 157
9.4285 158
9.4879 159
9.5475 160
9.60695 161
9.6664 162
9.72595 163
9.78545 164
9.84485 165
9.90435 166
9.96385 167
10.0233 168
10.0828 169
10.1424 170
10.2018 171
10.2614 172
10.3208 173
10.3803 174
10.4397 175
10.4993 176
10.5588 177
10.6183 178
10.6778 179
10.7372 180
10.7967 181
10.8562 182
10.9157 183
10.9752 184
11.0347 185
11.0942 186
11.1537 187
11.2131 188
11.2726 189
11.3322 190
11.3917 191
11.4511 192
11.5108 193
11.5703 194
11.6297 195
11.6892 196
11.7487 197
11.8082 198
11.8675 199
11.9272 200
11.9867 201
12.0462 202
12.1057 203
12.1652 204
12.2245 205
12.2841 206
12.3436 207
12.4031 208
12.4626 209
12.522 210
12.5815 211
12.641 212
12.7005 213
12.7601 214
12.8194 215
12.8789 216
12.9384 217
12.998 218
13.0574 219
13.1169 220
13.1763 221
13.2359 222
13.2955 223
13.355 224
13.4144 225
13.4739 226
13.5333 227
13.5929 228
13.6523 229
13.7118 230
13.7713 231
13.8309 232
13.8903 233
13.9499 234
14.0093 235
14.0688 236
14.1283 237
14.1878 238
14.2473 239
14.3067 240
14.3662 241
14.4258 242
14.4853 243
14.5448 244
14.6042 245
14.6637 246
14.7231 247
14.7826 248
15.9281 249
15.9877 250
16.0471 251
16.1066 252
16.1659 253
16.2254 254
16.2848 255
16.3444 256
16.4037 257
16.4632 258
16.5227 259
16.5822 260
16.6416 261
16.7011 262
16.7605 263
16.8199 264
16.8794 265
16.9388 266
16.9983 267
17.0578 268
17.1172 269
17.1766 270
17.2362 271
17.2955 272
17.355 273
17.4145 274
17.4739 275
17.5333 276
17.5928 277
17.6523 278
17.7116 279
17.7712 280
17.8306 281
17.89 282
17.9495 283
18.0091 284
18.0685 285
18.1279 286
18.1873 287
18.2468 288
18.3062 289
18.3657 290
18.4251 291
18.4846 292
18.544 293
18.6034 294
18.6629 295
18.7224 296
18.7817 297
18.8413 298
18.9007 299
18.9601 300
19.0196 301
19.0791 302
19.1385 303
19.198 304
19.2573 305
19.3169 306
19.3763 307
19.4357 308
19.4952 309
19.5546 310
19.6141 311
19.6736 312
19.733 313
19.7925 314
19.8519 315
19.9114 316
19.9708 317
20.0303 318
20.0897 319
20.1492 320
20.2086 321
20.2682 322
20.3275 323
20.387 324
20.4464 325
20.5058 326
20.5653 327
20.6248 328
20.6842 329
20.7437 330
20.8031 331
20.8626 332
20.9219 333
20.9815 334
21.0409 335
21.1004 336
21.1599 337
21.2194 338
21.2787 339
21.3382 340
21.3976 341
21.4572 342
21.5165 343
21.576 344
21.6354 345
21.6949 346
21.7544 347
21.8139 348
21.8732 349
21.9327 350
21.9921 351
22.0517 352
22.111 353
22.1705 354
22.23 355
22.2894 356
22.3488 357
22.4083 358
22.4678 359
22.5272 360
22.5866 361
22.6461 362
22.7056 363
22.7651 364
22.8243 365
22.8839 366
22.9433 367
23.0028 368
23.0622 369
23.1217 370
23.181 371
23.2405 372
23.3 373
23.3595 374
23.4189 375
23.4784 376
23.5378 377
23.5973 378
23.6567 379
23.7162 380
23.7756 381
23.835 382
23.8945 383
23.954 384
24.0135 385
24.0729 386
24.1323 387
24.1918 388
24.2512 389
24.3107 390
24.3701 391
24.4295 392
24.489 393
24.5485 394
24.6079 395
24.6673 396
24.7268 397
24.7862 398
24.8457 399
24.9052 400
24.9647 401
25.0242 402
25.0835 403
25.1431 404
25.2023 405
25.2619 406
25.3213 407
25.3807 408
25.4402 409
25.4996 410
25.559 411
25.6186 412
25.678 413
25.7375 414
25.797 415
25.8565 416
25.9158 417
25.9753 418
26.0346 419
26.0942 420
26.1536 421
26.213 422
26.2725 423
26.332 424
26.3915 425
26.4508 426
26.5103 427
26.5698 428
26.6291 429
26.6887 430
26.748 431
26.8075 432
26.867 433
26.9266 434
26.9858 435
27.0453 436
27.1049 437
27.1642 438
27.2236 439
27.2831 440
27.3426 441
27.4021 442
27.4615 443
27.5209 444
27.5803 445
27.6398 446
27.6993 447
27.7588 448
27.8181 449
27.8777 450
27.937 451
27.9965 452
28.056 453
28.1155 454
28.1747 455
28.2344 456
28.2937 457
28.3532 458
28.4127 459
28.4721 460
28.5316 461
28.5911 462
28.6505 463
28.71 464
28.7694 465
28.8289 466
28.8883 467
28.9479 468
29.0071 469
29.0666 470
29.126 471
29.1856 472
29.245 473
29.3045 474
29.3639 475
29.4234 476
29.4828 477
29.5423 478
29.6017 479
29.6611 480
29.7205 481
29.7801 482
29.8395 483
29.899 484
29.9583 485
