  1.000000      1.0471285E-04   81.16000
  1.000000      1.0964781E-04   82.66000
  1.000000      1.1481535E-04   85.60000
  1.000000      1.2022642E-04   86.28000
  1.000000      1.2589252E-04   85.10000
  1.000000      1.3182564E-04   84.12000
  1.000000      1.3803846E-04   83.68000
  1.000000      1.4454400E-04   85.16000
  1.000000      1.5135614E-04   83.98000
  1.000000      1.5848933E-04   83.88000
  1.000000      1.6595870E-04   84.00000
  1.000000      1.7378009E-04   83.06001
  1.000000      1.8197008E-04   81.52000
  1.000000      1.9054605E-04   80.06000
  1.000000      1.9952621E-04   80.36000
  1.000000      2.0892957E-04   77.56001
  1.000000      2.1877611E-04   74.56000
  1.000000      2.2908671E-04   72.70000
  1.000000      2.3988323E-04   69.84000
  1.000000      2.5118870E-04   60.52000
  1.000000      2.6302686E-04   63.16000
  1.000000      2.7542291E-04   56.32000
  1.000000      2.8840319E-04   53.74000
  1.000000      3.0199520E-04   49.70000
  1.000000      3.1622776E-04   46.78000
  1.000000      3.3113110E-04   38.46000
  1.000000      3.4673681E-04   38.36000
  1.000000      3.6307800E-04   12.22000
  1.000000      3.8018933E-04   30.12000
  1.000000      3.9810708E-04   25.38000
  1.000000      4.1686927E-04   18.82000
  1.000000      4.3651569E-04   10.44000
  1.000000      4.5708803E-04   3.940000
  1.000000      4.7863016E-04   5.740000
  1.000000      5.0118729E-04   16.72000
  1.000000      5.2480749E-04   28.14000
  1.000000      5.4954091E-04   38.46000
  1.000000      5.7543995E-04   48.72000
  1.000000      6.0255954E-04   59.04000
  1.000000      6.3095725E-04   70.80000
  1.000000      6.6069333E-04   79.28000
  1.000000      6.9183082E-04   87.04000
 0.9600000      7.2443578E-04   89.72000
 0.8800001      7.5857737E-04   90.62000
 0.8250002      7.9432799E-04   90.40000
 0.7450002      8.3176343E-04   89.42001
 0.6850003      8.7096373E-04   89.94000
 0.6250004      9.1201090E-04   89.88000
 0.5850004      9.5499260E-04   90.00000
 0.5250005      1.0000000E-03   89.22000
 0.4950005      1.0471285E-03   90.24001
 0.4550004      1.0964781E-03   90.18000
 0.4150004      1.1481534E-03   89.54000
 0.3950004      1.2022642E-03   90.98000
 0.3650004      1.2589252E-03   90.12000
 0.3450004      1.3182564E-03   90.98000
 0.3250003      1.3803839E-03   90.42000
 0.3050003      1.4454393E-03   90.92000
 0.2850003      1.5135607E-03   90.92000
 0.2650003      1.5848925E-03   90.36000
 0.2450003      1.6595870E-03   89.52000
 0.2350003      1.7378009E-03   90.90000
 0.2150003      1.8197008E-03   89.74001
 0.2050003      1.9054606E-03   89.96001
 0.1900004      1.9952620E-03   89.94000
 0.1800004      2.0892958E-03   90.48000
 0.1700004      2.1877612E-03   90.36000
 0.1600004      2.2908670E-03   89.70000
 0.1500004      2.3988322E-03   90.12000
 0.1400004      2.5118857E-03   90.46000
 0.1300004      2.6302671E-03   89.66000
 0.1300004      2.7542275E-03   90.60000
 0.1200004      2.8840301E-03   89.82000
 0.1143754      3.0199517E-03   90.52000
 0.1093754      3.1622776E-03   90.08000
 0.1093754      3.3113111E-03   90.70000
 0.1018754      3.4673682E-03   90.00000
 8.9375392E-02  3.6307801E-03   89.00000
 8.9375392E-02  3.8018932E-03   89.92001
 7.8125387E-02  3.9810711E-03   90.14000
 7.3125385E-02  4.1686925E-03   90.40000
 6.8125382E-02  4.3651569E-03   89.74001
 6.8125382E-02  4.5708804E-03   90.56000
 6.0625382E-02  4.7862991E-03   90.80000
 5.3125389E-02  5.0118701E-03   89.98000
 5.3125389E-02  5.2480721E-03   81.76000
 5.3125389E-02  5.4954090E-03   89.56001
 5.2500397E-02  5.7543991E-03   90.98000
 6.2500402E-02  6.0255956E-03   90.56000
 4.7500405E-02  6.3095726E-03   90.72000
 5.1250406E-02  6.6069337E-03   90.04000
 5.1250406E-02  6.9183083E-03   90.14000
 5.6250412E-02  7.2443578E-03   90.36000
 5.6250412E-02  7.5857737E-03   89.10000
 7.1250416E-02  7.9432800E-03   90.34000
 8.1250422E-02  8.3176345E-03   89.28000
 9.1250427E-02  8.7096319E-03   90.20000
 0.1112504      9.1201039E-03   89.94000
 0.1162504      9.5499214E-03   89.70000
 0.1362504      9.9999998E-03   90.56000
 0.1462504      1.0471285E-02   90.38000
 0.1512504      1.0964781E-02   90.16000
 0.1612504      1.1481535E-02   90.56000
 0.1612504      1.2022642E-02   89.94000
 0.1662504      1.2589252E-02   89.90000
 0.1662504      1.3182564E-02   89.50000
 0.1712504      1.3803839E-02   90.90000
 0.1612504      1.4454393E-02   90.08000
 0.1512504      1.5135615E-02   90.70000
 0.1337504      1.5848933E-02   90.52000
 0.1137504      1.6595870E-02   90.80000
 7.8750409E-02  1.7378008E-02   91.25999
 5.5625416E-02  1.8197007E-02   91.96000
 3.5625417E-02  1.9054607E-02   89.78001
 3.5625421E-02  1.9952621E-02   89.88000
 7.5625420E-02  2.0892957E-02   90.80000
 0.1106254      2.1877611E-02   90.78000
 0.1556254      2.2908671E-02   89.60001
 0.1856254      2.3988321E-02   90.82000
 0.1856254      2.5118856E-02   90.96000
 0.1531254      2.6302669E-02   91.56000
 0.1231254      2.7542291E-02   89.80000
 9.3125433E-02  2.8840318E-02   89.00000
 8.3125427E-02  3.0199518E-02   95.54000
 8.3125420E-02  3.1622775E-02   92.68000
 9.3125425E-02  3.3113111E-02   89.64000
 0.1331254      3.4673683E-02   90.72000
 0.1331254      3.6307801E-02   89.42001
 0.1181254      3.8018934E-02   90.26000
 0.1131254      3.9810710E-02   90.76000
 0.1131254      4.1686926E-02   90.54000
 0.1081254      4.3651570E-02   90.42000
 0.1075004      4.5708802E-02   94.26000
 0.1075004      4.7862992E-02   90.64000
 0.1025004      5.0118729E-02   89.46000
 0.1025004      5.2480750E-02   89.14000
 0.1075004      5.4954089E-02   90.76000
 0.1018754      5.7543993E-02   90.04000
 0.1018754      6.0255956E-02   91.46000
 0.1018754      6.3095726E-02   89.38000
 0.1018754      6.6069335E-02   89.22000
 9.9375397E-02  6.9183081E-02   90.42000
 9.9375397E-02  7.2443582E-02   89.84000
 0.1043754      7.5857736E-02   89.32000
 9.9375404E-02  7.9432800E-02   90.46000
 9.9375404E-02  8.3176345E-02   89.58000
 9.9375404E-02  8.7096326E-02   89.76000
 9.9375404E-02  9.1201089E-02   89.46000
 9.9375412E-02  9.5499262E-02   89.94000
 0.1043754      0.1000000       90.10001
 9.4375424E-02  0.1047129       89.36000
 9.9375434E-02  0.1096478       90.96000
 9.9375434E-02  0.1148153       89.96001
 9.9375434E-02  0.1202264       89.54000
 9.9375434E-02  0.1258925       89.78001
 9.9375434E-02  0.1318256       90.94000
 9.9375434E-02  0.1380384       89.44000
 9.9375434E-02  0.1445439       90.60000
 9.9375434E-02  0.1513561       90.66000
 9.9375434E-02  0.1584893       90.54000
 9.9375434E-02  0.1659587       90.96000
 9.9375434E-02  0.1737801       89.16000
 9.9375434E-02  0.1819701       89.48000
 9.9375434E-02  0.1905461       89.46000
 9.9375434E-02  0.1995262       89.20000
 9.9375434E-02  0.2089296       89.86000
 0.1043754      0.2187761       90.78000
 9.9375442E-02  0.2290867       90.34000
 9.9375442E-02  0.2398832       90.80000
 9.9375442E-02  0.2511885       90.18000
 9.9375442E-02  0.2630267       89.32000
 9.9375442E-02  0.2754228       90.84000
 9.9375442E-02  0.2884032       90.48000
 9.9375442E-02  0.3019952       90.08000
 9.9375442E-02  0.3162278       89.90000
 0.1018755      0.3311311       89.24001
 0.1018755      0.3467368       90.26000
 0.1018755      0.3630780       89.92001
 0.1018755      0.3801893       90.74000
 9.6875452E-02  0.3981071       90.14000
 9.6875452E-02  0.4168693       89.32000
 0.1018755      0.4365157       90.18000
 9.6875459E-02  0.4570880       90.08000
 9.9375479E-02  0.4786299       90.24001
 9.9375479E-02  0.5011870       89.96001
 9.9375479E-02  0.5248075       90.70000
 9.9375479E-02  0.5495409       89.80000
 9.9375479E-02  0.5754399       89.00000
 9.9375479E-02  0.6025596       90.12000
 9.9375479E-02  0.6309572       90.92000
 9.9375479E-02  0.6606933       90.38000
 9.9375479E-02  0.6918308       90.18000
 0.1018755      0.7244358       89.92001
 0.1018755      0.7585773       89.32000
 0.1018755      0.7943280       90.58000
 0.1018755      0.8317634       90.56000
 9.6875489E-02  0.8709632       89.52000
 9.9375501E-02  0.9120104       90.58000
 9.9375501E-02  0.9549927       90.34000
 9.9375501E-02   1.000000       90.64000
